GA Parameter Experimental Design parameters

Number of observation wells
6

Number of parameter levels
3

Hydraulic conductivity parameters (first is start value, second is upper limit, third is lower limit)
0	20	0.1

dt		dtmult	dH		dQ	Close	Restart	RestartFreq	dog	nconv	Runlonger
0.1		1.5		0.01	-1	2       0		1			1	400		0

Lumpwell (1,0)	Genome (1,2)	FixOption (1,0)	Expdesparam(1,0)	Expdespump(1,0)	OptCritI(T,E,G,I,D)	OptCritG(R,W)	
1				2				0				1					0				T					R

Observation Time (First value is number of observation times)
4
.1
1
26
70

Zones to be used for observations (first following line is number of zones)
6
1	2	3	4	5	6

Number of Possible Locations
798

Observation well index	location	zone		x		y
					1 		2 		5 		0.00e+00 3.30e+01
					2 		3 		5 		0.00e+00 3.20e+01
					3 		4 		5 		0.00e+00 3.10e+01
					4 		5 		5 		0.00e+00 3.00e+01
					5 		6 		5 		0.00e+00 2.90e+01
					6 		7 		5 		0.00e+00 2.80e+01
					7 		8 		5 		0.00e+00 2.70e+01
					8 		9 		5 		0.00e+00 2.60e+01
					9 		10 		5 		0.00e+00 2.50e+01
					10 		11 		5 		0.00e+00 2.40e+01
					11 		12 		5 		0.00e+00 2.30e+01
					12 		13 		5 		0.00e+00 2.20e+01
					13 		14 		3 		0.00e+00 2.10e+01
					14 		15 		3 		0.00e+00 2.00e+01
					15 		16 		3 		0.00e+00 1.90e+01
					16 		17 		3 		0.00e+00 1.80e+01
					17 		18 		3 		0.00e+00 1.70e+01
					18 		19 		3 		0.00e+00 1.60e+01
					19 		20 		3 		0.00e+00 1.50e+01
					20 		21 		3 		0.00e+00 1.40e+01
					21 		22 		3 		0.00e+00 1.30e+01
					22 		23 		3 		0.00e+00 1.20e+01
					23 		24 		3 		0.00e+00 1.10e+01
					24 		25 		1 		0.00e+00 1.00e+01
					25 		26 		1 		0.00e+00 9.00e+00
					26 		27 		1 		0.00e+00 8.00e+00
					27 		28 		1 		0.00e+00 7.00e+00
					28 		29 		1 		0.00e+00 6.00e+00
					29 		30 		1 		0.00e+00 5.00e+00
					30 		31 		1 		0.00e+00 4.00e+00
					31 		32 		1 		0.00e+00 3.00e+00
					32 		33 		1 		0.00e+00 2.00e+00
					33 		34 		1 		0.00e+00 1.00e+00
					34 		37 		5 		1.00e+00 3.30e+01
					35 		38 		5 		1.00e+00 3.20e+01
					36 		39 		5 		1.00e+00 3.10e+01
					37 		40 		5 		1.00e+00 3.00e+01
					38 		41 		5 		1.00e+00 2.90e+01
					39 		42 		5 		1.00e+00 2.80e+01
					40 		43 		5 		1.00e+00 2.70e+01
					41 		44 		5 		1.00e+00 2.60e+01
					42 		45 		5 		1.00e+00 2.50e+01
					43 		46 		5 		1.00e+00 2.40e+01
					44 		47 		5 		1.00e+00 2.30e+01
					45 		48 		5 		1.00e+00 2.20e+01
					46 		49 		3 		1.00e+00 2.10e+01
					47 		50 		3 		1.00e+00 2.00e+01
					48 		51 		3 		1.00e+00 1.90e+01
					49 		52 		3 		1.00e+00 1.80e+01
					50 		53 		3 		1.00e+00 1.70e+01
					51 		54 		3 		1.00e+00 1.60e+01
					52 		55 		3 		1.00e+00 1.50e+01
					53 		56 		3 		1.00e+00 1.40e+01
					54 		57 		3 		1.00e+00 1.30e+01
					55 		58 		3 		1.00e+00 1.20e+01
					56 		59 		3 		1.00e+00 1.10e+01
					57 		60 		1 		1.00e+00 1.00e+01
					58 		61 		1 		1.00e+00 9.00e+00
					59 		62 		1 		1.00e+00 8.00e+00
					60 		63 		1 		1.00e+00 7.00e+00
					61 		64 		1 		1.00e+00 6.00e+00
					62 		65 		1 		1.00e+00 5.00e+00
					63 		66 		1 		1.00e+00 4.00e+00
					64 		67 		1 		1.00e+00 3.00e+00
					65 		68 		1 		1.00e+00 2.00e+00
					66 		69 		1 		1.00e+00 1.00e+00
					67 		72 		5 		2.00e+00 3.30e+01
					68 		73 		5 		2.00e+00 3.20e+01
					69 		74 		5 		2.00e+00 3.10e+01
					70 		75 		5 		2.00e+00 3.00e+01
					71 		76 		5 		2.00e+00 2.90e+01
					72 		77 		5 		2.00e+00 2.80e+01
					73 		78 		5 		2.00e+00 2.70e+01
					74 		79 		5 		2.00e+00 2.60e+01
					75 		80 		5 		2.00e+00 2.50e+01
					76 		81 		5 		2.00e+00 2.40e+01
					77 		82 		5 		2.00e+00 2.30e+01
					78 		83 		5 		2.00e+00 2.20e+01
					79 		84 		3 		2.00e+00 2.10e+01
					80 		85 		3 		2.00e+00 2.00e+01
					81 		86 		3 		2.00e+00 1.90e+01
					82 		87 		3 		2.00e+00 1.80e+01
					83 		88 		3 		2.00e+00 1.70e+01
					84 		89 		3 		2.00e+00 1.60e+01
					85 		90 		3 		2.00e+00 1.50e+01
					86 		91 		3 		2.00e+00 1.40e+01
					87 		92 		3 		2.00e+00 1.30e+01
					88 		93 		3 		2.00e+00 1.20e+01
					89 		94 		3 		2.00e+00 1.10e+01
					90 		95 		1 		2.00e+00 1.00e+01
					91 		96 		1 		2.00e+00 9.00e+00
					92 		97 		1 		2.00e+00 8.00e+00
					93 		98 		1 		2.00e+00 7.00e+00
					94 		99 		1 		2.00e+00 6.00e+00
					95 		100 	1 		2.00e+00 5.00e+00
					96 		101 	1 		2.00e+00 4.00e+00
					97 		102 	1 		2.00e+00 3.00e+00
					98 		103 	1 		2.00e+00 2.00e+00
					99 		104 	1 		2.00e+00 1.00e+00
					100 	107 	5 		3.00e+00 3.30e+01
					101 	108 	5 		3.00e+00 3.20e+01
					102 	109 	5 		3.00e+00 3.10e+01
					103 	110 	5 		3.00e+00 3.00e+01
					104 	111 	5 		3.00e+00 2.90e+01
					105 	112 	5 		3.00e+00 2.80e+01
					106 	113 	5 		3.00e+00 2.70e+01
					107 	114 	5 		3.00e+00 2.60e+01
					108 	115 	5 		3.00e+00 2.50e+01
					109 	116 	5 		3.00e+00 2.40e+01
					110 	117 	5 		3.00e+00 2.30e+01
					111 	118 	5 		3.00e+00 2.20e+01
					112 	119 	3 		3.00e+00 2.10e+01
					113 	120 	3 		3.00e+00 2.00e+01
					114 	121 	3 		3.00e+00 1.90e+01
					115 	122 	3 		3.00e+00 1.80e+01
					116 	123 	3 		3.00e+00 1.70e+01
					117 	124 	3 		3.00e+00 1.60e+01
					118 	125 	3 		3.00e+00 1.50e+01
					119 	126 	3 		3.00e+00 1.40e+01
					120 	127 	3 		3.00e+00 1.30e+01
					121 	128 	3 		3.00e+00 1.20e+01
					122 	129 	3 		3.00e+00 1.10e+01
					123 	130 	1 		3.00e+00 1.00e+01
					124 	131 	1 		3.00e+00 9.00e+00
					125 	132 	1 		3.00e+00 8.00e+00
					126 	133 	1 		3.00e+00 7.00e+00
					127 	134 	1 		3.00e+00 6.00e+00
					128 	135 	1 		3.00e+00 5.00e+00
					129 	136 	1 		3.00e+00 4.00e+00
					130 	137 	1 		3.00e+00 3.00e+00
					131 	138 	1 		3.00e+00 2.00e+00
					132 	139 	1 		3.00e+00 1.00e+00
					133 	142 	5 		4.00e+00 3.30e+01
					134 	143 	5 		4.00e+00 3.20e+01
					135 	144 	5 		4.00e+00 3.10e+01
					136 	145 	5 		4.00e+00 3.00e+01
					137 	146 	5 		4.00e+00 2.90e+01
					138 	147 	5 		4.00e+00 2.80e+01
					139 	148 	5 		4.00e+00 2.70e+01
					140 	149 	5 		4.00e+00 2.60e+01
					141 	150 	5 		4.00e+00 2.50e+01
					142 	151 	5 		4.00e+00 2.40e+01
					143 	152 	5 		4.00e+00 2.30e+01
					144 	153 	5 		4.00e+00 2.20e+01
					145 	154 	3 		4.00e+00 2.10e+01
					146 	155 	3 		4.00e+00 2.00e+01
					147 	156 	3 		4.00e+00 1.90e+01
					148 	157 	3 		4.00e+00 1.80e+01
					149 	158 	3 		4.00e+00 1.70e+01
					150 	159 	3 		4.00e+00 1.60e+01
					151 	160 	3 		4.00e+00 1.50e+01
					152 	161 	3 		4.00e+00 1.40e+01
					153 	162 	3 		4.00e+00 1.30e+01
					154 	163 	3 		4.00e+00 1.20e+01
					155 	167 	1 		4.00e+00 8.00e+00
					156 	168 	1 		4.00e+00 7.00e+00
					157 	169 	1 		4.00e+00 6.00e+00
					158 	170 	1 		4.00e+00 5.00e+00
					159 	171 	1 		4.00e+00 4.00e+00
					160 	172 	1 		4.00e+00 3.00e+00
					161 	173 	1 		4.00e+00 2.00e+00
					162 	174 	1 		4.00e+00 1.00e+00
					163 	177 	5 		5.00e+00 3.30e+01
					164 	178 	5 		5.00e+00 3.20e+01
					165 	179 	5 		5.00e+00 3.10e+01
					166 	180 	5 		5.00e+00 3.00e+01
					167 	181 	5 		5.00e+00 2.90e+01
					168 	182 	5 		5.00e+00 2.80e+01
					169 	183 	5 		5.00e+00 2.70e+01
					170 	184 	5 		5.00e+00 2.60e+01
					171 	185 	5 		5.00e+00 2.50e+01
					172 	186 	5 		5.00e+00 2.40e+01
					173 	187 	5 		5.00e+00 2.30e+01
					174 	188 	5 		5.00e+00 2.20e+01
					175 	189 	3 		5.00e+00 2.10e+01
					176 	190 	3 		5.00e+00 2.00e+01
					177 	191 	3 		5.00e+00 1.90e+01
					178 	192 	3 		5.00e+00 1.80e+01
					179 	193 	3 		5.00e+00 1.70e+01
					180 	194 	3 		5.00e+00 1.60e+01
					181 	195 	3 		5.00e+00 1.50e+01
					182 	196 	3 		5.00e+00 1.40e+01
					183 	197 	3 		5.00e+00 1.30e+01
					184 	198 	3 		5.00e+00 1.20e+01
					185 	202 	1 		5.00e+00 8.00e+00
					186 	203 	1 		5.00e+00 7.00e+00
					187 	204 	1 		5.00e+00 6.00e+00
					188 	205 	1 		5.00e+00 5.00e+00
					189 	206 	1 		5.00e+00 4.00e+00
					190 	207 	1 		5.00e+00 3.00e+00
					191 	208 	1 		5.00e+00 2.00e+00
					192 	209 	1 		5.00e+00 1.00e+00
					193 	212 	5 		6.00e+00 3.30e+01
					194 	213 	5 		6.00e+00 3.20e+01
					195 	214 	5 		6.00e+00 3.10e+01
					196 	215 	5 		6.00e+00 3.00e+01
					197 	216 	5 		6.00e+00 2.90e+01
					198 	217 	5 		6.00e+00 2.80e+01
					199 	218 	5 		6.00e+00 2.70e+01
					200 	219 	5 		6.00e+00 2.60e+01
					201 	220 	5 		6.00e+00 2.50e+01
					202 	221 	5 		6.00e+00 2.40e+01
					203 	222 	5 		6.00e+00 2.30e+01
					204 	223 	5 		6.00e+00 2.20e+01
					205 	224 	3 		6.00e+00 2.10e+01
					206 	225 	3 		6.00e+00 2.00e+01
					207 	226 	3 		6.00e+00 1.90e+01
					208 	227 	3 		6.00e+00 1.80e+01
					209 	228 	3 		6.00e+00 1.70e+01
					210 	229 	3 		6.00e+00 1.60e+01
					211 	230 	3 		6.00e+00 1.50e+01
					212 	231 	3 		6.00e+00 1.40e+01
					213 	232 	3 		6.00e+00 1.30e+01
					214 	233 	3 		6.00e+00 1.20e+01
					215 	237 	1 		6.00e+00 8.00e+00
					216 	238 	1 		6.00e+00 7.00e+00
					217 	239 	1 		6.00e+00 6.00e+00
					218 	240 	1 		6.00e+00 5.00e+00
					219 	241 	1 		6.00e+00 4.00e+00
					220 	242 	1 		6.00e+00 3.00e+00
					221 	243 	1 		6.00e+00 2.00e+00
					222 	244 	1 		6.00e+00 1.00e+00
					223 	247 	5 		7.00e+00 3.30e+01
					224 	248 	5 		7.00e+00 3.20e+01
					225 	249 	5 		7.00e+00 3.10e+01
					226 	250 	5 		7.00e+00 3.00e+01
					227 	251 	5 		7.00e+00 2.90e+01
					228 	252 	5 		7.00e+00 2.80e+01
					229 	253 	5 		7.00e+00 2.70e+01
					230 	254 	5 		7.00e+00 2.60e+01
					231 	255 	5 		7.00e+00 2.50e+01
					232 	256 	5 		7.00e+00 2.40e+01
					233 	257 	5 		7.00e+00 2.30e+01
					234 	258 	5 		7.00e+00 2.20e+01
					235 	259 	3 		7.00e+00 2.10e+01
					236 	260 	3 		7.00e+00 2.00e+01
					237 	261 	3 		7.00e+00 1.90e+01
					238 	262 	3 		7.00e+00 1.80e+01
					239 	263 	3 		7.00e+00 1.70e+01
					240 	264 	3 		7.00e+00 1.60e+01
					241 	265 	3 		7.00e+00 1.50e+01
					242 	266 	3 		7.00e+00 1.40e+01
					243 	267 	3 		7.00e+00 1.30e+01
					244 	268 	3 		7.00e+00 1.20e+01
					245 	269 	3 		7.00e+00 1.10e+01
					246 	270 	1 		7.00e+00 1.00e+01
					247 	271 	1 		7.00e+00 9.00e+00
					248 	272 	1 		7.00e+00 8.00e+00
					249 	273 	1 		7.00e+00 7.00e+00
					250 	274 	1 		7.00e+00 6.00e+00
					251 	275 	1 		7.00e+00 5.00e+00
					252 	276 	1 		7.00e+00 4.00e+00
					253 	277 	1 		7.00e+00 3.00e+00
					254 	278 	1 		7.00e+00 2.00e+00
					255 	279 	1 		7.00e+00 1.00e+00
					256 	282 	5 		8.00e+00 3.30e+01
					257 	283 	5 		8.00e+00 3.20e+01
					258 	284 	5 		8.00e+00 3.10e+01
					259 	285 	5 		8.00e+00 3.00e+01
					260 	286 	5 		8.00e+00 2.90e+01
					261 	287 	5 		8.00e+00 2.80e+01
					262 	288 	5 		8.00e+00 2.70e+01
					263 	289 	5 		8.00e+00 2.60e+01
					264 	290 	5 		8.00e+00 2.50e+01
					265 	291 	5 		8.00e+00 2.40e+01
					266 	292 	5 		8.00e+00 2.30e+01
					267 	293 	5 		8.00e+00 2.20e+01
					268 	294 	3 		8.00e+00 2.10e+01
					269 	295 	3 		8.00e+00 2.00e+01
					270 	296 	3 		8.00e+00 1.90e+01
					271 	297 	3 		8.00e+00 1.80e+01
					272 	298 	3 		8.00e+00 1.70e+01
					273 	299 	3 		8.00e+00 1.60e+01
					274 	300 	3 		8.00e+00 1.50e+01
					275 	301 	3 		8.00e+00 1.40e+01
					276 	302 	3 		8.00e+00 1.30e+01
					277 	303 	3 		8.00e+00 1.20e+01
					278 	304 	3 		8.00e+00 1.10e+01
					279 	305 	1 		8.00e+00 1.00e+01
					280 	306 	1 		8.00e+00 9.00e+00
					281 	307 	1 		8.00e+00 8.00e+00
					282 	308 	1 		8.00e+00 7.00e+00
					283 	309 	1 		8.00e+00 6.00e+00
					284 	310 	1 		8.00e+00 5.00e+00
					285 	311 	1 		8.00e+00 4.00e+00
					286 	312 	1 		8.00e+00 3.00e+00
					287 	313 	1 		8.00e+00 2.00e+00
					288 	314 	1 		8.00e+00 1.00e+00
					289 	317 	5 		9.00e+00 3.30e+01
					290 	318 	5 		9.00e+00 3.20e+01
					291 	319 	5 		9.00e+00 3.10e+01
					292 	320 	5 		9.00e+00 3.00e+01
					293 	321 	5 		9.00e+00 2.90e+01
					294 	322 	5 		9.00e+00 2.80e+01
					295 	323 	5 		9.00e+00 2.70e+01
					296 	324 	5 		9.00e+00 2.60e+01
					297 	325 	5 		9.00e+00 2.50e+01
					298 	326 	5 		9.00e+00 2.40e+01
					299 	327 	5 		9.00e+00 2.30e+01
					300 	328 	5 		9.00e+00 2.20e+01
					301 	329 	3 		9.00e+00 2.10e+01
					302 	330 	3 		9.00e+00 2.00e+01
					303 	331 	3 		9.00e+00 1.90e+01
					304 	332 	3 		9.00e+00 1.80e+01
					305 	333 	3 		9.00e+00 1.70e+01
					306 	334 	3 		9.00e+00 1.60e+01
					307 	335 	3 		9.00e+00 1.50e+01
					308 	336 	3 		9.00e+00 1.40e+01
					309 	337 	3 		9.00e+00 1.30e+01
					310 	338 	3 		9.00e+00 1.20e+01
					311 	339 	3 		9.00e+00 1.10e+01
					312 	340 	1 		9.00e+00 1.00e+01
					313 	341 	1 		9.00e+00 9.00e+00
					314 	342 	1 		9.00e+00 8.00e+00
					315 	343 	1 		9.00e+00 7.00e+00
					316 	344 	1 		9.00e+00 6.00e+00
					317 	345 	1 		9.00e+00 5.00e+00
					318 	346 	1 		9.00e+00 4.00e+00
					319 	347 	1 		9.00e+00 3.00e+00
					320 	348 	1 		9.00e+00 2.00e+00
					321 	349 	1 		9.00e+00 1.00e+00
					322 	352 	5 		1.00e+01 3.30e+01
					323 	353 	5 		1.00e+01 3.20e+01
					324 	354 	5 		1.00e+01 3.10e+01
					325 	355 	5 		1.00e+01 3.00e+01
					326 	356 	5 		1.00e+01 2.90e+01
					327 	357 	5 		1.00e+01 2.80e+01
					328 	358 	5 		1.00e+01 2.70e+01
					329 	359 	5 		1.00e+01 2.60e+01
					330 	360 	5 		1.00e+01 2.50e+01
					331 	361 	5 		1.00e+01 2.40e+01
					332 	362 	5 		1.00e+01 2.30e+01
					333 	363 	5 		1.00e+01 2.20e+01
					334 	364 	3 		1.00e+01 2.10e+01
					335 	365 	3 		1.00e+01 2.00e+01
					336 	366 	3 		1.00e+01 1.90e+01
					337 	367 	3 		1.00e+01 1.80e+01
					338 	368 	3 		1.00e+01 1.70e+01
					339 	369 	3 		1.00e+01 1.60e+01
					340 	370 	3 		1.00e+01 1.50e+01
					341 	371 	3 		1.00e+01 1.40e+01
					342 	372 	3 		1.00e+01 1.30e+01
					343 	373 	3 		1.00e+01 1.20e+01
					344 	374 	3 		1.00e+01 1.10e+01
					345 	375 	1 		1.00e+01 1.00e+01
					346 	376 	1 		1.00e+01 9.00e+00
					347 	377 	1 		1.00e+01 8.00e+00
					348 	378 	1 		1.00e+01 7.00e+00
					349 	379 	1 		1.00e+01 6.00e+00
					350 	380 	1 		1.00e+01 5.00e+00
					351 	381 	1 		1.00e+01 4.00e+00
					352 	382 	1 		1.00e+01 3.00e+00
					353 	383 	1 		1.00e+01 2.00e+00
					354 	384 	1 		1.00e+01 1.00e+00
					355 	387 	5 		1.10e+01 3.30e+01
					356 	388 	5 		1.10e+01 3.20e+01
					357 	389 	5 		1.10e+01 3.10e+01
					358 	390 	5 		1.10e+01 3.00e+01
					359 	391 	5 		1.10e+01 2.90e+01
					360 	392 	5 		1.10e+01 2.80e+01
					361 	393 	5 		1.10e+01 2.70e+01
					362 	394 	5 		1.10e+01 2.60e+01
					363 	395 	5 		1.10e+01 2.50e+01
					364 	396 	5 		1.10e+01 2.40e+01
					365 	397 	5 		1.10e+01 2.30e+01
					366 	398 	5 		1.10e+01 2.20e+01
					367 	399 	3 		1.10e+01 2.10e+01
					368 	400 	3 		1.10e+01 2.00e+01
					369 	401 	3 		1.10e+01 1.90e+01
					370 	402 	3 		1.10e+01 1.80e+01
					371 	403 	3 		1.10e+01 1.70e+01
					372 	404 	3 		1.10e+01 1.60e+01
					373 	405 	3 		1.10e+01 1.50e+01
					374 	406 	3 		1.10e+01 1.40e+01
					375 	407 	3 		1.10e+01 1.30e+01
					376 	408 	3 		1.10e+01 1.20e+01
					377 	409 	3 		1.10e+01 1.10e+01
					378 	410 	1 		1.10e+01 1.00e+01
					379 	411 	1 		1.10e+01 9.00e+00
					380 	412 	1 		1.10e+01 8.00e+00
					381 	413 	1 		1.10e+01 7.00e+00
					382 	414 	1 		1.10e+01 6.00e+00
					383 	415 	1 		1.10e+01 5.00e+00
					384 	416 	1 		1.10e+01 4.00e+00
					385 	417 	1 		1.10e+01 3.00e+00
					386 	418 	1 		1.10e+01 2.00e+00
					387 	419 	1 		1.10e+01 1.00e+00
					388 	422 	5 		1.20e+01 3.30e+01
					389 	423 	5 		1.20e+01 3.20e+01
					390 	424 	5 		1.20e+01 3.10e+01
					391 	425 	5 		1.20e+01 3.00e+01
					392 	426 	5 		1.20e+01 2.90e+01
					393 	427 	5 		1.20e+01 2.80e+01
					394 	428 	5 		1.20e+01 2.70e+01
					395 	429 	5 		1.20e+01 2.60e+01
					396 	430 	5 		1.20e+01 2.50e+01
					397 	431 	5 		1.20e+01 2.40e+01
					398 	432 	5 		1.20e+01 2.30e+01
					399 	433 	5 		1.20e+01 2.20e+01
					400 	434 	3 		1.20e+01 2.10e+01
					401 	435 	3 		1.20e+01 2.00e+01
					402 	436 	3 		1.20e+01 1.90e+01
					403 	437 	3 		1.20e+01 1.80e+01
					404 	438 	3 		1.20e+01 1.70e+01
					405 	439 	3 		1.20e+01 1.60e+01
					406 	440 	3 		1.20e+01 1.50e+01
					407 	441 	3 		1.20e+01 1.40e+01
					408 	442 	3 		1.20e+01 1.30e+01
					409 	443 	3 		1.20e+01 1.20e+01
					410 	447 	1 		1.20e+01 8.00e+00
					411 	448 	1 		1.20e+01 7.00e+00
					412 	449 	1 		1.20e+01 6.00e+00
					413 	450 	1 		1.20e+01 5.00e+00
					414 	451 	1 		1.20e+01 4.00e+00
					415 	452 	1 		1.20e+01 3.00e+00
					416 	453 	1 		1.20e+01 2.00e+00
					417 	454 	1 		1.20e+01 1.00e+00
					418 	457 	6 		1.30e+01 3.30e+01
					419 	458 	6 		1.30e+01 3.20e+01
					420 	459 	6 		1.30e+01 3.10e+01
					421 	460 	6 		1.30e+01 3.00e+01
					422 	461 	6 		1.30e+01 2.90e+01
					423 	462 	6 		1.30e+01 2.80e+01
					424 	463 	6 		1.30e+01 2.70e+01
					425 	464 	6 		1.30e+01 2.60e+01
					426 	465 	6 		1.30e+01 2.50e+01
					427 	466 	6 		1.30e+01 2.40e+01
					428 	467 	6 		1.30e+01 2.30e+01
					429 	468 	6 		1.30e+01 2.20e+01
					430 	469 	4 		1.30e+01 2.10e+01
					431 	470 	4 		1.30e+01 2.00e+01
					432 	471 	4 		1.30e+01 1.90e+01
					433 	472 	4 		1.30e+01 1.80e+01
					434 	473 	4 		1.30e+01 1.70e+01
					435 	474 	4 		1.30e+01 1.60e+01
					436 	475 	4 		1.30e+01 1.50e+01
					437 	476 	4 		1.30e+01 1.40e+01
					438 	477 	4 		1.30e+01 1.30e+01
					439 	478 	4 		1.30e+01 1.20e+01
					440 	482 	2 		1.30e+01 8.00e+00
					441 	483 	2 		1.30e+01 7.00e+00
					442 	484 	2 		1.30e+01 6.00e+00
					443 	485 	2 		1.30e+01 5.00e+00
					444 	486 	2 		1.30e+01 4.00e+00
					445 	487 	2 		1.30e+01 3.00e+00
					446 	488 	2 		1.30e+01 2.00e+00
					447 	489 	2 		1.30e+01 1.00e+00
					448 	492 	6 		1.40e+01 3.30e+01
					449 	493 	6 		1.40e+01 3.20e+01
					450 	494 	6 		1.40e+01 3.10e+01
					451 	495 	6 		1.40e+01 3.00e+01
					452 	496 	6 		1.40e+01 2.90e+01
					453 	497 	6 		1.40e+01 2.80e+01
					454 	498 	6 		1.40e+01 2.70e+01
					455 	499 	6 		1.40e+01 2.60e+01
					456 	500 	6 		1.40e+01 2.50e+01
					457 	501 	6 		1.40e+01 2.40e+01
					458 	502 	6 		1.40e+01 2.30e+01
					459 	503 	6 		1.40e+01 2.20e+01
					460 	504 	4 		1.40e+01 2.10e+01
					461 	505 	4 		1.40e+01 2.00e+01
					462 	506 	4 		1.40e+01 1.90e+01
					463 	507 	4 		1.40e+01 1.80e+01
					464 	508 	4 		1.40e+01 1.70e+01
					465 	509 	4 		1.40e+01 1.60e+01
					466 	510 	4 		1.40e+01 1.50e+01
					467 	511 	4 		1.40e+01 1.40e+01
					468 	512 	4 		1.40e+01 1.30e+01
					469 	513 	4 		1.40e+01 1.20e+01
					470 	517 	2 		1.40e+01 8.00e+00
					471 	518 	2 		1.40e+01 7.00e+00
					472 	519 	2 		1.40e+01 6.00e+00
					473 	520 	2 		1.40e+01 5.00e+00
					474 	521 	2 		1.40e+01 4.00e+00
					475 	522 	2 		1.40e+01 3.00e+00
					476 	523 	2 		1.40e+01 2.00e+00
					477 	524 	2 		1.40e+01 1.00e+00
					478 	527 	6 		1.50e+01 3.30e+01
					479 	528 	6 		1.50e+01 3.20e+01
					480 	529 	6 		1.50e+01 3.10e+01
					481 	530 	6 		1.50e+01 3.00e+01
					482 	531 	6 		1.50e+01 2.90e+01
					483 	532 	6 		1.50e+01 2.80e+01
					484 	533 	6 		1.50e+01 2.70e+01
					485 	534 	6 		1.50e+01 2.60e+01
					486 	535 	6 		1.50e+01 2.50e+01
					487 	536 	6 		1.50e+01 2.40e+01
					488 	537 	6 		1.50e+01 2.30e+01
					489 	538 	6 		1.50e+01 2.20e+01
					490 	539 	4 		1.50e+01 2.10e+01
					491 	540 	4 		1.50e+01 2.00e+01
					492 	541 	4 		1.50e+01 1.90e+01
					493 	542 	4 		1.50e+01 1.80e+01
					494 	543 	4 		1.50e+01 1.70e+01
					495 	544 	4 		1.50e+01 1.60e+01
					496 	545 	4 		1.50e+01 1.50e+01
					497 	546 	4 		1.50e+01 1.40e+01
					498 	547 	4 		1.50e+01 1.30e+01
					499 	548 	4 		1.50e+01 1.20e+01
					500 	549 	4 		1.50e+01 1.10e+01
					501 	550 	2 		1.50e+01 1.00e+01
					502 	551 	2 		1.50e+01 9.00e+00
					503 	552 	2 		1.50e+01 8.00e+00
					504 	553 	2 		1.50e+01 7.00e+00
					505 	554 	2 		1.50e+01 6.00e+00
					506 	555 	2 		1.50e+01 5.00e+00
					507 	556 	2 		1.50e+01 4.00e+00
					508 	557 	2 		1.50e+01 3.00e+00
					509 	558 	2 		1.50e+01 2.00e+00
					510 	559 	2 		1.50e+01 1.00e+00
					511 	562 	6 		1.60e+01 3.30e+01
					512 	563 	6 		1.60e+01 3.20e+01
					513 	564 	6 		1.60e+01 3.10e+01
					514 	565 	6 		1.60e+01 3.00e+01
					515 	566 	6 		1.60e+01 2.90e+01
					516 	567 	6 		1.60e+01 2.80e+01
					517 	568 	6 		1.60e+01 2.70e+01
					518 	569 	6 		1.60e+01 2.60e+01
					519 	570 	6 		1.60e+01 2.50e+01
					520 	571 	6 		1.60e+01 2.40e+01
					521 	572 	6 		1.60e+01 2.30e+01
					522 	573 	6 		1.60e+01 2.20e+01
					523 	574 	4 		1.60e+01 2.10e+01
					524 	575 	4 		1.60e+01 2.00e+01
					525 	576 	4 		1.60e+01 1.90e+01
					526 	577 	4 		1.60e+01 1.80e+01
					527 	578 	4 		1.60e+01 1.70e+01
					528 	579 	4 		1.60e+01 1.60e+01
					529 	580 	4 		1.60e+01 1.50e+01
					530 	581 	4 		1.60e+01 1.40e+01
					531 	582 	4 		1.60e+01 1.30e+01
					532 	583 	4 		1.60e+01 1.20e+01
					533 	584 	4 		1.60e+01 1.10e+01
					534 	585 	2 		1.60e+01 1.00e+01
					535 	586 	2 		1.60e+01 9.00e+00
					536 	587 	2 		1.60e+01 8.00e+00
					537 	588 	2 		1.60e+01 7.00e+00
					538 	589 	2 		1.60e+01 6.00e+00
					539 	590 	2 		1.60e+01 5.00e+00
					540 	591 	2 		1.60e+01 4.00e+00
					541 	592 	2 		1.60e+01 3.00e+00
					542 	593 	2 		1.60e+01 2.00e+00
					543 	594 	2 		1.60e+01 1.00e+00
					544 	597 	6 		1.70e+01 3.30e+01
					545 	598 	6 		1.70e+01 3.20e+01
					546 	599 	6 		1.70e+01 3.10e+01
					547 	600 	6 		1.70e+01 3.00e+01
					548 	601 	6 		1.70e+01 2.90e+01
					549 	602 	6 		1.70e+01 2.80e+01
					550 	603 	6 		1.70e+01 2.70e+01
					551 	604 	6 		1.70e+01 2.60e+01
					552 	605 	6 		1.70e+01 2.50e+01
					553 	606 	6 		1.70e+01 2.40e+01
					554 	607 	6 		1.70e+01 2.30e+01
					555 	608 	6 		1.70e+01 2.20e+01
					556 	609 	4 		1.70e+01 2.10e+01
					557 	610 	4 		1.70e+01 2.00e+01
					558 	611 	4 		1.70e+01 1.90e+01
					559 	612 	4 		1.70e+01 1.80e+01
					560 	613 	4 		1.70e+01 1.70e+01
					561 	614 	4 		1.70e+01 1.60e+01
					562 	615 	4 		1.70e+01 1.50e+01
					563 	616 	4 		1.70e+01 1.40e+01
					564 	617 	4 		1.70e+01 1.30e+01
					565 	618 	4 		1.70e+01 1.20e+01
					566 	619 	4 		1.70e+01 1.10e+01
					567 	620 	2 		1.70e+01 1.00e+01
					568 	621 	2 		1.70e+01 9.00e+00
					569 	622 	2 		1.70e+01 8.00e+00
					570 	623 	2 		1.70e+01 7.00e+00
					571 	624 	2 		1.70e+01 6.00e+00
					572 	625 	2 		1.70e+01 5.00e+00
					573 	626 	2 		1.70e+01 4.00e+00
					574 	627 	2 		1.70e+01 3.00e+00
					575 	628 	2 		1.70e+01 2.00e+00
					576 	629 	2 		1.70e+01 1.00e+00
					577 	632 	6 		1.80e+01 3.30e+01
					578 	633 	6 		1.80e+01 3.20e+01
					579 	634 	6 		1.80e+01 3.10e+01
					580 	635 	6 		1.80e+01 3.00e+01
					581 	636 	6 		1.80e+01 2.90e+01
					582 	637 	6 		1.80e+01 2.80e+01
					583 	638 	6 		1.80e+01 2.70e+01
					584 	639 	6 		1.80e+01 2.60e+01
					585 	640 	6 		1.80e+01 2.50e+01
					586 	641 	6 		1.80e+01 2.40e+01
					587 	642 	6 		1.80e+01 2.30e+01
					588 	643 	6 		1.80e+01 2.20e+01
					589 	644 	4 		1.80e+01 2.10e+01
					590 	645 	4 		1.80e+01 2.00e+01
					591 	646 	4 		1.80e+01 1.90e+01
					592 	647 	4 		1.80e+01 1.80e+01
					593 	648 	4 		1.80e+01 1.70e+01
					594 	649 	4 		1.80e+01 1.60e+01
					595 	650 	4 		1.80e+01 1.50e+01
					596 	651 	4 		1.80e+01 1.40e+01
					597 	652 	4 		1.80e+01 1.30e+01
					598 	653 	4 		1.80e+01 1.20e+01
					599 	654 	4 		1.80e+01 1.10e+01
					600 	655 	2 		1.80e+01 1.00e+01
					601 	656 	2 		1.80e+01 9.00e+00
					602 	657 	2 		1.80e+01 8.00e+00
					603 	658 	2 		1.80e+01 7.00e+00
					604 	659 	2 		1.80e+01 6.00e+00
					605 	660 	2 		1.80e+01 5.00e+00
					606 	661 	2 		1.80e+01 4.00e+00
					607 	662 	2 		1.80e+01 3.00e+00
					608 	663 	2 		1.80e+01 2.00e+00
					609 	664 	2 		1.80e+01 1.00e+00
					610 	667 	6 		1.90e+01 3.30e+01
					611 	668 	6 		1.90e+01 3.20e+01
					612 	669 	6 		1.90e+01 3.10e+01
					613 	670 	6 		1.90e+01 3.00e+01
					614 	671 	6 		1.90e+01 2.90e+01
					615 	672 	6 		1.90e+01 2.80e+01
					616 	673 	6 		1.90e+01 2.70e+01
					617 	677 	6 		1.90e+01 2.30e+01
					618 	678 	6 		1.90e+01 2.20e+01
					619 	679 	4 		1.90e+01 2.10e+01
					620 	680 	4 		1.90e+01 2.00e+01
					621 	681 	4 		1.90e+01 1.90e+01
					622 	682 	4 		1.90e+01 1.80e+01
					623 	683 	4 		1.90e+01 1.70e+01
					624 	684 	4 		1.90e+01 1.60e+01
					625 	685 	4 		1.90e+01 1.50e+01
					626 	686 	4 		1.90e+01 1.40e+01
					627 	687 	4 		1.90e+01 1.30e+01
					628 	688 	4 		1.90e+01 1.20e+01
					629 	689 	4 		1.90e+01 1.10e+01
					630 	690 	2 		1.90e+01 1.00e+01
					631 	691 	2 		1.90e+01 9.00e+00
					632 	692 	2 		1.90e+01 8.00e+00
					633 	693 	2 		1.90e+01 7.00e+00
					634 	694 	2 		1.90e+01 6.00e+00
					635 	695 	2 		1.90e+01 5.00e+00
					636 	696 	2 		1.90e+01 4.00e+00
					637 	697 	2 		1.90e+01 3.00e+00
					638 	698 	2 		1.90e+01 2.00e+00
					639 	699 	2 		1.90e+01 1.00e+00
					640 	702 	6 		2.00e+01 3.30e+01
					641 	703 	6 		2.00e+01 3.20e+01
					642 	704 	6 		2.00e+01 3.10e+01
					643 	705 	6 		2.00e+01 3.00e+01
					644 	706 	6 		2.00e+01 2.90e+01
					645 	707 	6 		2.00e+01 2.80e+01
					646 	708 	6 		2.00e+01 2.70e+01
					647 	712 	6 		2.00e+01 2.30e+01
					648 	713 	6 		2.00e+01 2.20e+01
					649 	714 	4 		2.00e+01 2.10e+01
					650 	715 	4 		2.00e+01 2.00e+01
					651 	716 	4 		2.00e+01 1.90e+01
					652 	717 	4 		2.00e+01 1.80e+01
					653 	718 	4 		2.00e+01 1.70e+01
					654 	719 	4 		2.00e+01 1.60e+01
					655 	720 	4 		2.00e+01 1.50e+01
					656 	721 	4 		2.00e+01 1.40e+01
					657 	722 	4 		2.00e+01 1.30e+01
					658 	723 	4 		2.00e+01 1.20e+01
					659 	724 	4 		2.00e+01 1.10e+01
					660 	725 	2 		2.00e+01 1.00e+01
					661 	726 	2 		2.00e+01 9.00e+00
					662 	727 	2 		2.00e+01 8.00e+00
					663 	728 	2 		2.00e+01 7.00e+00
					664 	729 	2 		2.00e+01 6.00e+00
					665 	730 	2 		2.00e+01 5.00e+00
					666 	731 	2 		2.00e+01 4.00e+00
					667 	732 	2 		2.00e+01 3.00e+00
					668 	733 	2 		2.00e+01 2.00e+00
					669 	734 	2 		2.00e+01 1.00e+00
					670 	737 	6 		2.10e+01 3.30e+01
					671 	738 	6 		2.10e+01 3.20e+01
					672 	739 	6 		2.10e+01 3.10e+01
					673 	740 	6 		2.10e+01 3.00e+01
					674 	741 	6 		2.10e+01 2.90e+01
					675 	742 	6 		2.10e+01 2.80e+01
					676 	743 	6 		2.10e+01 2.70e+01
					677 	747 	6 		2.10e+01 2.30e+01
					678 	748 	6 		2.10e+01 2.20e+01
					679 	749 	4 		2.10e+01 2.10e+01
					680 	750 	4 		2.10e+01 2.00e+01
					681 	751 	4 		2.10e+01 1.90e+01
					682 	752 	4 		2.10e+01 1.80e+01
					683 	753 	4 		2.10e+01 1.70e+01
					684 	754 	4 		2.10e+01 1.60e+01
					685 	755 	4 		2.10e+01 1.50e+01
					686 	756 	4 		2.10e+01 1.40e+01
					687 	757 	4 		2.10e+01 1.30e+01
					688 	758 	4 		2.10e+01 1.20e+01
					689 	759 	4 		2.10e+01 1.10e+01
					690 	760 	2 		2.10e+01 1.00e+01
					691 	761 	2 		2.10e+01 9.00e+00
					692 	762 	2 		2.10e+01 8.00e+00
					693 	763 	2 		2.10e+01 7.00e+00
					694 	764 	2 		2.10e+01 6.00e+00
					695 	765 	2 		2.10e+01 5.00e+00
					696 	766 	2 		2.10e+01 4.00e+00
					697 	767 	2 		2.10e+01 3.00e+00
					698 	768 	2 		2.10e+01 2.00e+00
					699 	769 	2 		2.10e+01 1.00e+00
					700 	772 	6 		2.20e+01 3.30e+01
					701 	773 	6 		2.20e+01 3.20e+01
					702 	774 	6 		2.20e+01 3.10e+01
					703 	775 	6 		2.20e+01 3.00e+01
					704 	776 	6 		2.20e+01 2.90e+01
					705 	777 	6 		2.20e+01 2.80e+01
					706 	778 	6 		2.20e+01 2.70e+01
					707 	779 	6 		2.20e+01 2.60e+01
					708 	780 	6 		2.20e+01 2.50e+01
					709 	781 	6 		2.20e+01 2.40e+01
					710 	782 	6 		2.20e+01 2.30e+01
					711 	783 	6 		2.20e+01 2.20e+01
					712 	784 	4 		2.20e+01 2.10e+01
					713 	785 	4 		2.20e+01 2.00e+01
					714 	786 	4 		2.20e+01 1.90e+01
					715 	787 	4 		2.20e+01 1.80e+01
					716 	788 	4 		2.20e+01 1.70e+01
					717 	789 	4 		2.20e+01 1.60e+01
					718 	790 	4 		2.20e+01 1.50e+01
					719 	791 	4 		2.20e+01 1.40e+01
					720 	792 	4 		2.20e+01 1.30e+01
					721 	793 	4 		2.20e+01 1.20e+01
					722 	794 	4 		2.20e+01 1.10e+01
					723 	795 	2 		2.20e+01 1.00e+01
					724 	796 	2 		2.20e+01 9.00e+00
					725 	797 	2 		2.20e+01 8.00e+00
					726 	798 	2 		2.20e+01 7.00e+00
					727 	799 	2 		2.20e+01 6.00e+00
					728 	800 	2 		2.20e+01 5.00e+00
					729 	801 	2 		2.20e+01 4.00e+00
					730 	802 	2 		2.20e+01 3.00e+00
					731 	803 	2 		2.20e+01 2.00e+00
					732 	804 	2 		2.20e+01 1.00e+00
					733 	807 	6 		2.30e+01 3.30e+01
					734 	808 	6 		2.30e+01 3.20e+01
					735 	809 	6 		2.30e+01 3.10e+01
					736 	810 	6 		2.30e+01 3.00e+01
					737 	811 	6 		2.30e+01 2.90e+01
					738 	812 	6 		2.30e+01 2.80e+01
					739 	813 	6 		2.30e+01 2.70e+01
					740 	814 	6 		2.30e+01 2.60e+01
					741 	815 	6 		2.30e+01 2.50e+01
					742 	816 	6 		2.30e+01 2.40e+01
					743 	817 	6 		2.30e+01 2.30e+01
					744 	818 	6 		2.30e+01 2.20e+01
					745 	819 	4 		2.30e+01 2.10e+01
					746 	820 	4 		2.30e+01 2.00e+01
					747 	821 	4 		2.30e+01 1.90e+01
					748 	822 	4 		2.30e+01 1.80e+01
					749 	823 	4 		2.30e+01 1.70e+01
					750 	824 	4 		2.30e+01 1.60e+01
					751 	825 	4 		2.30e+01 1.50e+01
					752 	826 	4 		2.30e+01 1.40e+01
					753 	827 	4 		2.30e+01 1.30e+01
					754 	828 	4 		2.30e+01 1.20e+01
					755 	829 	4 		2.30e+01 1.10e+01
					756 	830 	2 		2.30e+01 1.00e+01
					757 	831 	2 		2.30e+01 9.00e+00
					758 	832 	2 		2.30e+01 8.00e+00
					759 	833 	2 		2.30e+01 7.00e+00
					760 	834 	2 		2.30e+01 6.00e+00
					761 	835 	2 		2.30e+01 5.00e+00
					762 	836 	2 		2.30e+01 4.00e+00
					763 	837 	2 		2.30e+01 3.00e+00
					764 	838 	2 		2.30e+01 2.00e+00
					765 	839 	2 		2.30e+01 1.00e+00
					766 	842 	6 		2.40e+01 3.30e+01
					767 	843 	6 		2.40e+01 3.20e+01
					768 	844 	6 		2.40e+01 3.10e+01
					769 	845 	6 		2.40e+01 3.00e+01
					770 	846 	6 		2.40e+01 2.90e+01
					771 	847 	6 		2.40e+01 2.80e+01
					772 	848 	6 		2.40e+01 2.70e+01
					773 	849 	6 		2.40e+01 2.60e+01
					774 	850 	6 		2.40e+01 2.50e+01
					775 	851 	6 		2.40e+01 2.40e+01
					776 	852 	6 		2.40e+01 2.30e+01
					777 	853 	6 		2.40e+01 2.20e+01
					778 	854 	4 		2.40e+01 2.10e+01
					779 	855 	4 		2.40e+01 2.00e+01
					780 	856 	4 		2.40e+01 1.90e+01
					781 	857 	4 		2.40e+01 1.80e+01
					782 	858 	4 		2.40e+01 1.70e+01
					783 	859 	4 		2.40e+01 1.60e+01
					784 	860 	4 		2.40e+01 1.50e+01
					785 	861 	4 		2.40e+01 1.40e+01
					786 	862 	4 		2.40e+01 1.30e+01
					787 	863 	4 		2.40e+01 1.20e+01
					788 	864 	4 		2.40e+01 1.10e+01
					789 	865 	2 		2.40e+01 1.00e+01
					790 	866 	2 		2.40e+01 9.00e+00
					791 	867 	2 		2.40e+01 8.00e+00
					792 	868 	2 		2.40e+01 7.00e+00
					793 	869 	2 		2.40e+01 6.00e+00
					794 	870 	2 		2.40e+01 5.00e+00
					795 	871 	2 		2.40e+01 4.00e+00
					796 	872 	2 		2.40e+01 3.00e+00
					797 	873 	2 		2.40e+01 2.00e+00
					798 	874 	2 		2.40e+01 1.00e+00